162
162
0 2
2 0
0 21
21 0
1 10
10 1
1 12
12 1
1 13
13 1
1 14
14 1
1 15
15 1
1 18
18 1
2 0
0 2
2 3
3 2
3 2
2 3
3 4
4 3
4 3
3 4
4 5
5 4
5 4
4 5
5 6
6 5
6 5
5 6
6 7
7 6
7 6
6 7
7 8
8 7
8 7
7 8
8 9
9 8
8 11
11 8
9 8
8 9
9 10
10 9
9 11
11 9
9 20
20 9
10 1
1 10
10 9
9 10
10 11
11 10
10 12
12 10
11 8
8 11
11 9
9 11
11 10
10 11
11 12
12 11
11 13
13 11
11 14
14 11
11 15
15 11
11 16
16 11
12 1
1 12
12 10
10 12
12 11
11 12
12 13
13 12
13 1
1 13
13 11
11 13
13 12
12 13
13 14
14 13
14 1
1 14
14 11
11 14
14 13
13 14
14 15
15 14
15 1
1 15
15 11
11 15
15 14
14 15
15 19
19 15
16 11
11 16
17 18
18 17
17 19
19 17
17 21
21 17
18 1
1 18
18 17
17 18
19 15
15 19
19 17
17 19
19 21
21 19
19 44
44 19
20 9
9 20
20 62
62 20
21 0
0 21
21 17
17 21
21 19
19 21
48 61
61 48
48 74
74 48
49 50
50 49
49 54
54 49
49 55
55 49
49 144
144 49
50 49
49 50
50 56
56 50
51 52
52 51
51 57
57 51
51 60
60 51
51 61
61 51
52 51
51 52
52 57
57 52
52 60
60 52
52 61
61 52
53 54
54 53
53 61
61 53
54 49
49 54
54 53
53 54
55 49
49 55
55 56
56 55
56 50
50 56
56 55
55 56
56 61
61 56
57 51
51 57
57 52
52 57
57 58
58 57
57 59
59 57
57 60
60 57
57 61
61 57
58 57
57 58
59 57
57 59
60 51
51 60
60 52
52 60
60 57
57 60
60 61
61 60
61 48
48 61
61 51
51 61
61 52
52 61
61 53
53 61
61 56
56 61
61 57
57 61
61 60
60 61
61 62
62 61
62 20
20 62
62 61
61 62
22 23
23 22
22 24
24 22
22 25
25 22
22 26
26 22
22 31
31 22
22 44
44 22
23 22
22 23
24 22
22 24
25 22
22 25
26 22
22 26
27 28
28 27
27 44
44 27
28 27
27 28
28 29
29 28
28 30
30 28
28 44
44 28
29 28
28 29
29 44
44 29
30 28
28 30
31 22
22 31
31 33
33 31
31 34
34 31
31 35
35 31
31 43
43 31
31 44
44 31
31 45
45 31
32 45
45 32
33 31
31 33
34 31
31 34
35 31
31 35
36 37
37 36
36 39
39 36
36 44
44 36
37 36
36 37
37 38
38 37
37 40
40 37
38 37
37 38
38 41
41 38
38 42
42 38
39 36
36 39
40 37
37 40
41 38
38 41
41 42
42 41
42 38
38 42
42 41
41 42
43 31
31 43
44 19
19 44
44 22
22 44
44 27
27 44
44 28
28 44
44 29
29 44
44 31
31 44
44 36
36 44
44 46
46 44
44 47
47 44
45 31
31 45
45 32
32 45
46 44
44 46
47 44
44 47
47 67
67 47
63 64
64 63
63 66
66 63
63 67
67 63
63 72
72 63
64 63
63 64
64 65
65 64
64 66
66 64
64 72
72 64
64 74
74 64
65 64
64 65
66 63
63 66
66 64
64 66
66 67
67 66
66 68
68 66
66 69
69 66
66 70
70 66
66 71
71 66
66 72
72 66
66 76
76 66
67 47
47 67
67 63
63 67
67 66
66 67
67 70
70 67
67 72
72 67
68 66
66 68
69 66
66 69
69 71
71 69
70 66
66 70
70 67
67 70
71 66
66 71
71 69
69 71
72 63
63 72
72 64
64 72
72 66
66 72
72 67
67 72
72 73
73 72
72 74
74 72
73 72
72 73
74 48
48 74
74 64
64 74
74 72
72 74
74 75
75 74
75 74
74 75
76 66
66 76
76 158
158 76
77 82
82 77
77 89
89 77
77 92
92 77
77 107
107 77
77 141
141 77
77 154
154 77
77 153
153 77
78 79
79 78
78 81
81 78
78 154
154 78
79 78
78 79
80 83
83 80
81 78
78 81
82 77
77 82
82 83
83 82
82 86
86 82
82 154
154 82
83 80
80 83
83 82
82 83
83 84
84 83
84 83
83 84
84 85
85 84
85 84
84 85
86 82
82 86
86 87
87 86
86 88
88 86
87 86
86 87
87 88
88 87
88 86
86 88
88 87
87 88
88 89
89 88
89 77
77 89
89 88
88 89
89 90
90 89
89 91
91 89
90 89
89 90
91 89
89 91
91 98
98 91
91 153
153 91
92 77
77 92
92 93
93 92
92 95
95 92
92 96
96 92
93 92
92 93
93 97
97 93
94 153
153 94
95 92
92 95
96 92
92 96
97 93
93 97
98 91
91 98
98 99
99 98
98 100
100 98
98 101
101 98
99 98
98 99
100 98
98 100
101 98
98 101
101 108
108 101
102 103
103 102
102 104
104 102
102 105
105 102
102 106
106 102
102 127
127 102
102 136
136 102
102 153
153 102
102 157
157 102
103 102
102 103
104 102
102 104
105 102
102 105
106 102
102 106
107 77
77 107
107 149
149 107
107 152
152 107
108 101
101 108
108 109
109 108
108 110
110 108
109 108
108 109
110 108
108 110
110 111
111 110
110 112
112 110
110 113
113 110
111 110
110 111
112 110
110 112
113 110
110 113
114 115
115 114
114 116
116 114
114 122
122 114
114 156
156 114
115 114
114 115
116 114
114 116
116 117
117 116
116 118
118 116
116 119
119 116
116 120
120 116
116 121
121 116
116 158
158 116
117 116
116 117
117 161
161 117
118 116
116 118
119 116
116 119
120 116
116 120
161 117
117 161
121 116
116 121
121 123
123 121
122 114
114 122
122 127
127 122
123 121
121 123
123 124
124 123
123 125
125 123
123 126
126 123
124 123
123 124
125 123
123 125
126 123
123 126
126 128
128 126
127 102
102 127
127 122
122 127
127 128
128 127
127 132
132 127
128 126
126 128
128 127
127 128
128 129
129 128
128 130
130 128
128 142
142 128
128 155
155 128
129 128
128 129
130 128
128 130
131 132
132 131
131 160
160 131
132 127
127 132
132 131
131 132
132 133
133 132
132 142
142 132
133 132
132 133
133 134
134 133
134 133
133 134
134 135
135 134
135 134
134 135
135 136
136 135
136 102
102 136
136 135
135 136
136 153
153 136
137 138
138 137
137 160
160 137
138 137
137 138
138 139
139 138
138 143
143 138
138 160
160 138
139 138
138 139
139 140
140 139
139 159
159 139
140 139
139 140
140 141
141 140
159 139
139 159
159 141
141 159
141 77
77 141
141 140
140 141
141 159
159 141
141 149
149 141
142 128
128 142
142 132
132 142
142 143
143 142
142 155
155 142
143 138
138 143
143 142
142 143
143 160
160 143
160 131
131 160
160 137
137 160
160 138
138 160
160 143
143 160
144 49
49 144
144 145
145 144
144 147
147 144
145 144
144 145
145 147
147 145
145 148
148 145
146 148
148 146
146 149
149 146
147 144
144 147
147 145
145 147
147 149
149 147
148 145
145 148
148 146
146 148
149 107
107 149
149 141
141 149
149 146
146 149
149 147
147 149
149 150
150 149
149 151
151 149
149 152
152 149
150 149
149 150
151 149
149 151
152 107
107 152
152 149
149 152
152 154
154 152
158 76
76 158
158 116
116 158
154 77
77 154
154 78
78 154
154 82
82 154
154 152
152 154
153 77
77 153
153 91
91 153
153 94
94 153
153 102
102 153
153 136
136 153
153 156
156 153
155 128
128 155
155 142
142 155
156 114
114 156
156 153
153 156
157 102
102 157